1200
643
344
345
346
347
340
341
342
343
348
349
1653
298
299
296
297
294
295
292
293
290
291
270
271
272
273
274
275
276
277
278
279
108
109
102
103
100
101
106
107
104
105
1373
1213
1375
1000
99
98
91
90
93
92
95
97
96
1623
1622
1621
1620
1627
1626
1625
1624
1629
1628
559
558
555
554
556
551
550
553
552
1199
1198
1191
1190
1193
1192
1195
1194
1197
1196
1177
1176
1175
1174
1173
1172
1171
1170
1179
1178
511
510
513
1285
1284
1287
512
1281
1280
1283
1282
1003
879
1289
1288
1002
1579
1578
689
688
685
684
687
1570
681
680
683
1574
1348
622
1225
873
620
627
1222
625
1220
407
1370
405
1372
403
1374
1377
400
1379
1378
1219
452
409
408
1343
1242
1344
455
456
1347
1018
379
378
371
370
373
372
375
374
377
376
393
392
391
390
397
396
395
394
399
398
1247
245
244
247
246
241
240
243
242
249
248
179
178
177
176
175
174
173
172
171
170
1502
657
654
655
652
1507
1367
1504
1505
1365
1032
1618
1619
1616
1617
1614
1615
1612
1613
1610
1611
1363
1142
1143
1140
1141
1146
1147
1144
1145
1148
1149
1546
1547
1544
691
1542
1543
1540
1541
698
699
1548
1549
542
543
540
541
546
547
544
545
761
414
415
416
417
410
1389
412
413
1384
1385
1386
1387
418
419
1382
1383
368
369
366
367
365
362
363
360
361
380
381
382
383
384
385
386
387
388
389
258
259
252
253
250
251
256
257
254
255
168
169
164
165
166
167
160
161
162
163
678
id
679
1098
1099
1609
1608
1601
1600
1603
1602
1605
1604
1607
1606
809
808
803
802
801
800
807
806
805
804
1159
1158
1155
1154
1157
1156
1151
1150
1153
1152
59
58
1551
1550
1553
1552
1555
1554
1557
1556
55
54
57
56
51
50
53
52
537
1559
535
534
533
532
531
530
539
538
1558
536
429
428
1399
1398
421
420
1395
1394
1393
1392
1391
1390
1321
229
228
227
226
225
224
223
222
221
220
151
150
153
152
155
154
157
156
159
158
1293
1256
1525
1526
818
1255
810
811
812
813
814
815
816
817
1522
1251
1490
1491
1492
1493
1267
1495
1496
1497
1498
1499
423
422
425
424
427
426
1128
1129
1120
1121
1122
1123
1124
1125
1126
1127
524
525
526
527
520
521
522
523
1014
695
1016
1017
1010
1011
1012
1013
1234
1235
1236
1237
1230
1231
1232
1233
1238
1239
438
439
436
437
434
435
432
433
430
431
238
239
234
235
236
237
230
231
232
233
1
146
147
144
145
142
143
140
141
148
149
939
938
933
932
930
937
936
935
934
829
828
825
824
827
826
821
820
823
822
1483
1482
1481
1480
1487
1486
1485
1484
1489
1488
797
796
795
794
793
792
791
790
799
798
1271
610
1139
1138
1133
1132
1131
1130
1137
1136
1135
1134
1276
1277
519
518
1009
1008
1007
1006
1005
1004
515
514
1001
516
1227
1226
621
1224
1223
626
1221
624
629
628
1229
1228
2
1286
11
10
13
12
15
14
17
16
19
18
201
200
203
202
205
204
207
206
209
208
1573
1572
1571
686
1577
1576
1575
682
928
929
920
921
922
923
924
925
926
927
832
833
830
831
836
837
834
835
838
839
3
784
785
786
787
780
781
782
783
789
60
61
62
63
64
65
66
67
68
69
1371
1588
1589
406
1582
1583
1580
1581
1586
1587
1584
1585
1038
404
508
509
506
507
504
505
502
1037
1034
402
1212
631
1210
633
1216
1217
636
1215
638
639
1218
1376
1106
1455
1456
1457
1102
1451
1452
1101
1458
1459
464
1109
216
217
214
215
212
213
210
211
1530
218
219
462
4
918
915
914
917
916
911
910
913
912
847
846
845
844
843
842
840
849
848
459
662
1039
753
752
751
750
757
756
755
754
759
758
1595
1594
1597
1596
1591
1590
1593
1592
1599
1030
1025
1024
1027
1026
1021
1020
1023
1022
1036
1029
1028
503
500
501
605
630
607
606
1209
600
603
602
1205
1204
1207
1206
609
632
1203
1202
1211
634
635
1214
637
1111
1110
1445
1444
1115
1442
1117
1440
1119
1118
467
1449
466
1357
1356
1355
489
488
487
486
485
484
483
482
481
480
199
198
195
194
197
196
191
190
193
192
1454
1107
1104
1105
1450
411
1103
1100
1453
902
903
900
901
906
907
904
905
908
909
1108
854
855
856
857
850
851
852
853
858
859
6
611
616
740
741
742
743
744
745
746
747
748
749
617
1050
1051
1052
1053
1054
1055
1056
1057
1058
1059
1278
1279
618
619
1270
613
1272
1273
1274
1275
614
615
1472
1473
1470
1471
1476
1477
1474
1475
1478
1479
1304
1305
1306
1307
1300
1301
1302
1303
1308
1309
498
499
494
495
496
497
490
491
492
493
24
25
26
27
20
21
22
23
28
29
7
972
591
1086
593
592
1083
977
976
975
974
973
597
971
979
978
182
183
180
181
186
187
184
185
188
189
869
868
861
860
863
862
864
867
866
883
882
881
880
887
886
885
884
889
888
775
774
777
776
771
770
773
772
779
778
77
76
75
74
73
72
71
70
79
78
1043
1042
1041
1047
1046
1045
1049
1048
1269
1268
669
668
667
666
1261
1260
663
1266
1265
1264
1469
1468
1465
8
1467
1466
1461
1460
1463
1019
1317
1316
1315
1314
1313
1312
1311
1310
1319
1318
1015
528
529
319
318
313
312
311
310
317
316
315
314
1520
443
1334
1337
440
1331
446
445
1332
280
964
965
966
967
960
961
962
963
401
968
969
1560
641
878
1240
876
877
874
872
1243
870
871
1534
9
1533
1244
890
891
892
893
894
895
896
897
898
899
1246
1249
1248
1537
768
769
762
763
760
640
766
767
764
765
1078
1079
1076
1077
1074
1075
1072
1073
1070
1071
1094
1095
1096
1097
1090
1091
1092
1093
674
675
676
677
670
671
672
673
645
1418
1419
1410
1411
1412
1413
1414
1415
1416
1417
1322
1323
1320
1532
1326
1327
1324
1325
1328
1329
5
1531
1524
1257
1254
1527
1252
1253
1250
1523
1528
1529
1258
1259
308
309
300
301
302
303
304
305
306
307
623
470
476
959
958
951
950
953
952
955
954
957
956
1263
1262
665
664
719
718
717
716
715
714
713
712
711
710
661
660
1069
1068
1061
1060
1063
1062
1065
1064
1067
1066
1662
1661
1660
1087
590
1085
1084
595
1082
1081
596
599
598
1089
1088
1409
1408
1403
1402
1401
1400
1407
1406
1405
1404
692
449
448
1339
1338
693
1335
442
441
1336
447
690
1333
444
1545
696
697
39
38
694
33
32
31
30
37
36
35
34
1241
1536
1535
642
1245
644
647
646
649
648
1539
1538
339
338
335
334
337
336
331
330
333
332
1464
1353
1462
948
949
946
947
944
945
942
943
940
133
132
131
130
137
136
135
134
139
138
1354
708
709
704
705
706
707
700
701
702
703
88
89
82
80
81
86
87
84
85
1658
1659
1652
1388
1650
1651
1656
1657
1654
1655
586
587
584
585
582
583
580
581
588
589
1436
1437
1434
1435
1432
1433
1430
1431
1380
1438
1439
458
1349
450
451
1342
453
454
1345
1346
457
517
656
1503
1500
1501
1506
653
650
651
1508
1509
658
659
322
323
320
321
326
327
324
325
328
329
1340
1341
1598
995
991
990
992
998
120
121
122
123
124
125
126
127
128
129
1397
1645
1644
1647
1646
1641
1640
1643
1642
1396
1649
1648
579
578
604
573
572
571
570
576
575
574
601
1208
1421
1420
1423
1422
1425
1424
1427
1426
1429
1428
731
730
733
732
735
734
737
736
739
738
1359
1358
469
468
465
1352
1351
1350
461
460
463
608
1519
1518
1515
1514
1517
1516
1511
1510
1513
1512
357
356
355
354
353
352
351
350
359
358
1033
1447
1446
1113
289
288
1112
281
1443
283
282
285
284
287
286
1441
1116
263
262
261
260
267
266
265
264
1031
269
268
1290
1291
1564
1565
1294
1295
988
989
982
983
981
986
987
984
985
115
114
117
116
111
110
113
112
119
118
1035
1330
1630
1631
1632
1633
1634
1635
1636
1637
1638
1639
568
569
560
561
562
563
564
565
566
567
1188
1189
1186
1187
1184
1185
1182
1183
1180
1181
726
727
724
725
722
723
720
721
728
729
1164
1165
1166
1167
1160
1161
1162
1163
1168
1169
48
49
46
47
44
45
42
43
40
41
1568
1569
1298
1299
1292
1561
1562
1563
1296
1297
1566
1567
1360
1361
1381
1366
473
1364
471
1362
477
474
475
478
479
1368
1369
